*Vertices 834
35
40
32
170
60
331
61
115
79
61
58
6230
35
40
35
440
290
393
32
1364
50
42
158
285
51
282
52
31
61
67
38
47
41120
43
105
85
56
237
230
246
118
49
35
309
96
43
106
32
84
68
46
104
35
34
73
156
50
43
77
76
539
81
32
137
33
55
155
48
42
49
42
32
843
47
35
65
61
109
197
55
95
675
249
49
31
201
213
149
146
187
560
55
122
57
307
40
272
59
214
35
57
227
1300
38
708
35
38
58
95
327
125
61
161
116
34
438
69
137
49
119
78
222
146
54
1546
93
100
69
346
112
40
486
132
94
1215
63
33
82
189
95
346
77
328
576
89
115
56
44
160
267
62
408
50
31
66
44
6817
34
77
89
32
36
33
88
102
77
66
36
114
111
49
71
34
37
289
109
73
56
38
61
41
1451
222
95
61
252
77
39
1347
80
108
511
54
212
39
227
75
177
64
63
787
390
58
46
273
49
2423
42
1495
84
36
67
53
84
94
42
191
42
66
106
32
215
38
47
59
521
180
38
52
118
130
201
48
36
405
56
60
45
32
51
36
105
74
38
52
43
247
39
34
438
62
60
33
55
204
32
37
59
49
35
56
43
36
70
93
198
56
97
70
35
254
71
49
31
91
134
37
214
139
257
90
45
44
40
335
148
166
1019
32
38
69
545
61
42
187
31
88
957
46
126
32
52
131
43
38
51
180
55
73
113
76
89
73
48
38
39
129
85
94
120
432
3001
34
41
32
159
35
118
55
59
47
11183
145
122
54
207
41
111
36
55
55
48
242
88
636
160
66
45
569
45
759
40
69
76
501
89
75
62
70
36
1752
77
137
52
346
39
40
53
12425
80
160
899
35
99
112
2553
59
46
266
71
2055
292
164
60
33
364
180
112
67
133
709
96
62
146
48
519
217
64
665
45
245
184
127
44
1317
32
188
47
725
67
70
476
276
42
214
84
37
91
285
31
350
59
1060
73
44
150
35
116
266
141
424
67
488
86
32
50
35
215
129
44
120
59
45
68
150
450
41
170
35
59
39
223
38
85
36
100
137
491
41
328
60
100
117
85
238
136
34
55
113
44
44
127
65
165
51
36
93
77
99
58
103
80
37
151
67
483
77
36
54
32
40
41
161
7160
62
36
85
33
68
268
468
42
616
73
50
173
50
56
202
36
67
20731
124
47
94
188
149
308
46
213
258
32
138
8739
141
85
60
31
399
660
53
477
201
44
37
45
605
38
33
35
39
33
3078
84
33
2275
69
72
149
38
186
58
350
40
46
38
53
225
101
1230
152
44
60
104
131
48
44
896
38
317
33
313
132
228
176
216
87
250
281
86
135
64
44
208
842
51
80
97
64
40
158
94
32
55
4143
58
35
223
34
142
334
198
467
105
80
35
166
491
50
50
35
50
53
1011
1659
34
57
64
447
180
55
63
57
34
52
32
85
153
115
103
40
47
152
658
2119
637
61
3525
41
36
1310
44
47
81
190
34
843
338
1732
36
571
115
38
382
32
36
386
62
346
497
92
37
32
278
102
66
73
34
33
42
35
359
172
557
38
128
453
68
32
44
42
73
16899
32
79
116
788
212
145
12532
104
43
52
45
45
493
58
96
125
51
119
78
117
320
33
54
31
83
81
64
95
44
412
714
72
2149
48
328
73
36
36
303
352
121
50
70
183
90
1176
229
529
217
31
1795
177
152
227
35
145
139
116
1993
83
50
281
1332
92
34
62
220
88
40
245
37
2580
58
250
32
33
75
82
65
56
34
167
1569
65
363
73
288
86
37
235
44
1813
575
70
677
150
112
101
1211
531
86
62
372
3264
272
35
70
124
268
116
8961
167
32
145
49
82
70
50
73
36
551
62
32
246
137
44
4414
257
84
82
95
219
103
153
35
279
57
86
69
33
3216
228
703
69
196
40
38
32
208
272
133
