*Vertices 4401
1
4
1
3
2
35
1
40
2
1
32
11
9
9
7
2
170
5
6
1
60
1
331
15
1
1
19
5
1
61
1
1
9
1
7
115
1
79
4
13
3
1
61
2
1
1
2
6
17
2
58
4
13
20
1
4
8
3
1
11
6
7
12
6230
2
1
5
35
1
3
18
25
16
9
4
2
40
1
35
5
13
440
12
1
1
1
1
8
2
3
1
4
3
290
12
1
393
32
2
1364
50
1
1
8
10
21
8
28
1
5
1
2
1
18
1
28
1
2
1
42
2
158
23
3
12
2
1
13
1
285
10
51
18
1
282
1
52
2
1
2
11
15
4
31
61
67
38
1
47
1
11
41120
8
3
43
105
85
1
1
1
56
5
4
3
3
237
4
4
3
230
1
20
1
1
1
2
246
6
2
25
6
14
1
2
118
4
2
9
1
49
9
12
35
309
9
19
6
2
96
12
1
13
43
12
2
1
106
32
6
3
2
18
3
1
1
1
10
3
10
3
4
1
2
1
4
3
7
11
4
7
84
11
2
2
68
1
7
10
26
46
1
7
7
1
10
1
7
8
1
1
6
1
104
1
13
4
14
35
2
1
1
3
1
6
3
9
8
34
4
3
10
6
73
2
1
15
22
2
4
7
7
1
1
156
11
5
50
2
5
43
77
2
76
11
1
1
7
539
81
8
2
2
5
2
3
3
2
5
2
4
6
4
9
3
6
1
1
32
5
10
137
4
33
2
2
55
2
3
14
3
17
4
1
155
11
1
48
3
27
2
5
28
4
5
1
4
1
16
2
21
42
7
49
6
1
2
7
1
10
1
11
1
3
42
32
1
2
1
843
5
24
14
4
8
4
3
47
1
1
4
35
1
2
2
65
1
4
1
2
61
1
109
1
197
1
1
4
2
6
16
9
55
2
1
3
3
14
4
20
95
1
3
675
2
7
1
2
19
2
249
19
2
3
2
9
4
4
1
9
49
1
2
13
5
31
10
2
17
1
201
1
213
9
1
9
18
15
2
11
1
1
2
2
149
1
2
2
1
1
1
17
2
2
16
27
2
10
1
4
1
146
187
560
55
1
1
2
3
122
4
57
16
3
307
1
40
2
272
8
7
4
2
24
25
4
16
23
59
214
2
9
3
4
7
3
1
35
27
17
5
57
1
2
1
5
227
2
19
18
2
17
1300
1
1
3
24
17
4
38
3
4
708
1
3
7
1
2
35
6
1
2
21
38
1
58
1
7
2
2
5
2
3
95
1
3
2
3
327
2
2
1
22
2
11
2
1
17
6
1
25
8
1
12
125
61
2
161
22
1
1
3
14
21
1
11
4
116
1
5
4
34
4
1
1
1
2
2
14
11
3
1
1
438
1
1
1
1
6
1
1
69
3
2
10
3
3
3
3
10
1
1
137
7
49
119
9
11
78
13
2
1
222
2
1
6
1
1
3
1
2
146
54
1
2
1
21
1
1
1
10
26
1546
4
93
5
11
4
4
1
1
6
8
100
5
69
1
1
6
346
112
1
15
5
4
1
4
1
6
40
17
29
486
23
7
6
3
1
18
2
6
3
28
2
2
11
1
3
7
4
1
10
1
132
1
94
1
1
4
1215
1
2
5
5
63
33
1
2
13
82
2
2
4
5
1
4
189
1
1
3
2
2
95
13
1
1
1
9
1
2
13
2
1
1
8
1
1
7
346
15
3
77
1
24
19
3
2
1
1
1
8
4
1
1
5
1
15
328
576
2
25
8
89
11
15
7
9
115
2
1
1
2
29
2
2
9
17
9
9
6
1
56
2
3
44
4
160
2
16
1
6
1
1
267
1
1
4
2
7
2
1
1
62
3
1
2
1
408
50
11
18
9
30
1
6
10
26
4
1
1
1
3
31
66
1
5
28
25
7
9
44
6817
1
1
2
1
34
6
2
1
25
2
4
1
1
77
89
18
13
6
1
32
36
19
15
12
13
7
6
2
33
1
12
12
88
15
4
11
11
20
2
2
1
3
1
1
26
8
1
6
8
3
5
102
4
2
2
77
2
12
13
1
14
66
24
2
1
3
1
36
114
3
111
49
8
5
15
7
9
1
6
2
1
4
11
1
2
8
1
27
1
1
1
1
2
4
3
4
2
71
11
1
2
7
3
4
4
2
6
1
5
1
6
1
27
24
1
1
2
1
34
37
20
10
3
9
11
289
3
1
3
2
10
2
2
109
1
1
2
24
2
73
1
56
4
6
2
26
2
8
7
38
6
61
41
1451
14
6
1
2
222
3
7
3
9
1
1
95
1
3
3
10
2
3
22
3
61
4
20
252
5
4
5
23
77
8
39
1
16
6
4
5
5
15
7
14
2
2
8
1347
80
3
21
108
511
54
6
4
4
1
16
5
212
2
5
8
1
1
2
13
39
4
1
5
14
24
15
227
3
2
3
1
11
75
177
3
1
1
64
2
1
1
2
3
2
1
2
1
10
2
1
63
19
6
1
787
10
1
6
390
6
58
1
8
46
7
21
2
1
3
4
1
273
1
49
2
2
3
2423
11
14
2
4
2
4
6
5
1
2
2
6
7
1
42
2
10
3
1
1
3
20
1
2
2
1
5
3
1
1
6
1
4
1
8
10
1
2
6
1495
1
1
2
5
2
29
84
1
2
3
3
17
5
36
2
24
1
18
18
67
53
2
8
1
9
84
23
3
1
7
94
7
42
3
1
5
2
191
11
4
4
1
12
1
1
42
66
15
2
1
106
1
32
5
4
2
10
10
13
1
2
215
1
6
1
8
38
3
1
6
47
1
1
1
1
1
3
5
6
1
24
4
25
2
3
59
2
1
2
1
7
1
521
18
1
4
1
2
180
38
1
4
1
4
1
2
15
1
6
1
2
7
2
2
9
52
1
1
2
7
118
6
1
130
1
10
201
3
3
3
15
48
3
1
5
6
36
18
405
10
3
2
1
56
5
60
21
3
1
8
14
1
4
4
45
32
4
51
1
15
36
3
6
13
105
8
1
1
2
74
15
38
13
52
1
5
9
1
43
3
4
21
3
247
11
1
3
1
39
4
34
438
2
1
62
24
5
7
4
2
1
60
7
1
1
2
1
4
1
2
8
30
2
33
3
55
1
2
2
1
204
1
2
5
2
32
37
8
3
59
1
3
2
49
1
35
1
56
6
6
43
3
20
21
6
1
9
11
2
36
1
28
22
70
5
93
1
198
56
2
2
25
97
1
1
3
5
7
70
1
10
28
35
1
254
24
5
9
3
20
3
5
1
2
4
4
1
15
1
3
4
5
26
1
1
3
14
3
2
5
2
71
1
5
49
1
1
8
1
4
2
4
8
1
31
1
11
1
91
2
134
2
8
2
2
13
13
1
26
17
37
214
7
139
257
2
90
5
2
1
4
10
1
3
2
2
27
2
5
8
1
45
2
3
1
11
12
2
5
6
2
1
5
5
3
16
2
1
1
3
44
40
7
1
13
6
1
2
8
11
335
1
3
2
1
4
15
5
1
1
1
7
2
1
148
166
1
13
1
1019
2
6
3
12
1
1
1
2
4
10
1
1
2
1
32
38
1
2
3
6
1
19
1
3
1
7
1
1
69
4
1
2
10
9
6
1
3
3
3
2
1
10
2
1
6
8
11
1
9
2
1
1
1
545
1
61
1
42
10
187
30
11
31
3
1
88
957
18
3
46
5
6
1
2
1
7
1
126
32
52
131
1
18
1
1
14
12
43
1
1
6
2
27
1
1
1
15
5
1
1
3
3
6
8
1
12
5
1
1
1
5
3
7
13
3
4
1
7
1
2
1
3
2
8
24
16
3
17
38
5
8
1
1
1
1
3
1
1
2
51
12
180
55
1
2
8
3
2
29
17
1
3
6
2
5
1
16
1
6
11
7
3
1
3
12
10
73
4
2
2
1
2
113
1
76
1
10
11
9
89
5
1
8
1
4
1
6
3
3
1
73
5
1
1
1
3
20
48
9
38
3
3
1
2
17
6
4
1
5
4
1
39
20
7
4
1
129
85
2
1
1
94
2
1
120
1
16
3
6
26
1
432
6
1
15
7
18
3
16
5
3001
28
10
4
18
5
9
34
13
41
1
1
32
26
159
2
1
8
35
6
1
6
7
2
5
2
1
12
5
1
3
2
1
28
2
6
9
10
6
6
4
118
1
2
1
1
2
12
25
12
2
1
5
55
4
1
6
2
1
5
2
1
2
5
1
1
8
2
2
7
12
10
2
6
4
2
12
2
6
59
1
9
47
4
2
1
5
1
7
3
11183
2
6
5
1
2
3
1
145
7
4
1
122
1
54
207
23
2
5
4
9
1
4
3
5
3
5
1
9
41
2
17
2
1
10
1
111
5
1
1
11
9
11
7
1
36
16
4
1
1
2
55
2
2
3
3
1
2
1
1
1
55
1
4
1
48
3
2
9
4
242
6
1
1
6
5
1
88
11
4
2
27
6
5
4
1
636
1
160
7
1
15
1
14
3
1
4
4
1
4
23
8
3
66
4
1
45
569
2
2
4
2
1
3
18
1
1
14
1
45
23
1
1
27
759
1
1
1
1
40
69
76
1
1
8
501
89
4
7
1
14
2
4
3
75
8
29
62
8
9
70
1
3
3
13
6
1
2
26
1
20
2
36
1752
1
77
137
20
5
52
346
16
39
40
1
6
2
22
2
1
5
1
2
53
4
12425
2
1
1
8
28
3
3
2
2
15
1
1
20
1
80
1
160
899
14
35
18
4
2
99
112
2
1
11
1
2
5
2553
3
1
2
27
1
2
2
5
3
6
8
4
2
10
1
59
14
46
1
2
3
1
6
5
1
7
266
2
71
1
11
2055
292
164
12
1
1
8
15
18
1
60
2
3
33
1
7
364
180
112
19
4
19
1
67
7
133
1
3
6
13
11
1
22
709
1
11
1
1
3
1
6
8
2
5
3
30
9
96
1
14
3
18
1
3
62
146
48
25
3
8
1
1
2
11
14
10
519
1
3
5
4
1
1
9
11
217
1
1
5
22
7
64
4
19
4
19
12
4
9
665
1
45
6
1
245
7
8
4
1
11
14
2
1
2
1
2
4
1
1
7
6
7
184
24
4
1
2
3
127
28
5
5
1
1
2
9
12
44
22
1317
32
3
4
1
3
4
188
2
6
2
15
5
1
24
2
6
1
4
3
2
47
2
1
8
12
16
725
67
2
30
1
1
7
1
1
11
13
2
6
23
3
1
6
1
1
70
1
476
2
4
1
17
276
1
2
42
214
1
5
9
5
1
4
3
1
3
3
1
7
3
84
2
1
37
5
91
25
15
285
9
1
20
19
4
2
1
1
1
1
1
31
13
3
1
11
1
2
11
1
27
9
350
59
1060
8
3
1
20
1
4
73
8
4
44
1
1
6
2
29
150
1
1
18
2
35
9
1
1
4
3
22
1
1
30
15
116
14
7
1
2
1
3
1
1
8
266
2
141
4
1
1
1
424
9
22
2
12
19
4
14
3
67
7
1
1
488
4
1
3
6
1
1
86
32
50
1
2
5
2
3
19
6
35
20
2
5
9
14
2
1
215
12
1
1
2
129
1
1
2
44
120
59
3
6
45
3
8
21
5
4
1
2
3
3
12
7
5
14
16
5
1
1
16
3
1
68
1
1
150
450
1
1
41
2
170
12
35
29
59
2
39
7
1
1
3
1
7
1
6
1
1
14
11
1
1
8
1
1
2
223
1
38
2
1
1
8
9
9
4
5
85
8
1
36
1
1
23
6
2
1
5
100
1
2
137
2
4
3
491
41
328
1
1
1
13
13
15
1
11
1
1
1
1
13
1
1
9
15
1
1
2
2
60
20
100
3
1
1
117
1
1
2
1
3
13
85
3
6
1
238
1
136
6
9
34
2
4
9
3
2
55
1
3
21
5
8
6
113
2
44
2
44
29
1
127
65
165
51
1
22
36
2
1
93
1
77
6
1
3
99
14
7
10
58
1
103
6
2
1
3
2
8
1
17
80
1
2
37
1
3
28
5
8
23
1
15
13
151
67
3
483
7
9
77
2
4
12
1
1
9
36
54
1
1
21
3
2
2
2
32
40
8
2
2
41
161
30
10
18
2
5
2
7160
1
12
2
13
11
7
1
62
15
1
24
2
1
1
4
4
36
85
33
2
3
1
2
68
6
3
268
17
15
11
468
1
2
2
5
8
12
7
1
15
42
5
1
1
1
6
1
616
2
1
1
73
9
3
5
19
50
173
6
1
50
10
2
2
1
1
56
3
3
202
1
12
3
1
9
6
8
2
14
1
5
6
36
67
1
2
29
11
4
20731
1
1
124
47
2
6
24
4
22
94
188
16
1
5
2
149
1
308
6
46
2
213
258
6
32
138
8739
6
141
4
85
1
60
8
31
20
399
2
660
53
9
477
2
12
8
2
201
8
1
44
5
37
8
4
1
20
3
45
605
1
38
33
7
1
3
35
2
1
21
1
1
39
6
25
1
1
1
3
1
33
1
21
3078
8
17
30
19
1
1
7
4
5
1
8
1
4
84
33
1
1
7
6
1
1
3
3
5
2
5
1
1
1
23
25
20
1
2275
69
19
2
5
22
1
1
1
72
149
2
38
5
6
6
5
11
186
58
6
1
10
350
4
40
4
46
1
1
2
38
3
5
18
53
28
4
17
4
225
1
1
1
7
101
1
1230
1
1
4
4
5
5
8
152
10
2
44
60
1
1
1
3
104
15
2
3
4
28
10
3
2
131
2
1
1
8
4
1
48
2
44
22
896
1
1
38
2
12
8
1
317
17
4
6
2
12
19
3
10
1
1
1
1
1
1
33
1
25
1
313
5
132
1
228
5
3
2
2
176
1
216
1
1
1
2
17
1
87
1
6
4
250
1
5
281
1
1
3
3
7
2
86
2
27
3
6
15
1
1
2
4
7
7
1
1
1
135
2
4
3
4
1
2
2
2
1
10
1
1
1
15
64
1
44
208
2
4
15
2
842
2
1
16
9
11
1
51
1
13
4
5
4
1
80
97
1
64
40
2
7
3
1
2
1
1
14
158
14
1
15
1
1
1
27
12
1
4
14
94
32
55
4143
58
14
35
223
6
13
4
1
17
3
34
1
142
4
9
20
14
1
20
334
2
1
9
1
2
3
2
1
1
198
467
27
4
3
6
2
28
1
10
105
10
5
25
4
3
1
15
3
12
1
80
2
35
1
166
8
10
27
1
491
50
50
29
35
14
14
8
3
16
1
1
1
50
5
3
1
1
53
23
1011
2
3
6
5
24
24
1659
14
34
2
10
5
1
1
23
57
9
5
14
64
1
9
1
4
28
5
447
180
5
6
13
1
1
6
3
55
63
20
1
57
3
12
18
34
1
30
52
5
14
6
1
1
1
1
4
3
32
9
1
4
10
2
85
12
7
153
9
115
1
10
103
14
5
1
1
23
13
4
2
4
2
5
1
16
1
1
1
6
1
6
8
40
2
6
1
5
1
1
4
16
1
10
9
1
1
3
5
1
5
4
2
47
2
16
3
1
152
9
10
2
10
3
2
1
11
658
13
15
2
15
2119
4
1
12
12
1
11
11
1
4
7
3
3
9
637
2
13
1
5
4
61
4
3
14
29
1
5
20
2
7
2
3525
6
2
1
5
4
3
2
8
3
2
5
41
1
3
1
36
1310
2
1
1
44
29
1
1
2
5
47
3
25
12
81
190
10
15
4
3
1
11
15
3
34
16
843
1
2
3
5
338
20
1732
5
27
4
2
1
24
1
3
1
2
1
5
7
36
1
571
115
2
2
4
38
1
1
1
4
382
1
32
1
21
15
1
1
2
3
9
36
20
21
386
4
5
7
1
62
1
12
1
2
1
25
2
346
7
2
1
497
92
1
37
1
1
5
3
2
5
6
8
7
2
1
32
5
1
9
1
1
13
278
102
2
3
11
66
1
5
2
73
4
5
1
5
4
1
2
2
1
34
10
11
3
6
1
9
8
9
1
2
1
11
1
1
3
33
1
1
42
5
4
4
35
16
11
359
26
1
172
10
1
557
27
38
2
4
128
453
3
68
32
3
44
8
42
1
73
16899
2
1
29
32
1
2
4
20
1
4
30
79
5
4
3
116
4
5
4
4
788
11
212
145
1
6
2
12532
104
5
1
1
4
3
1
7
1
1
43
1
52
9
2
1
45
30
3
4
13
19
2
1
2
3
2
1
2
13
2
2
1
45
5
22
14
1
16
26
18
1
493
58
96
7
1
2
125
1
6
9
51
119
1
1
7
6
78
1
2
5
2
2
3
117
1
1
4
6
2
5
6
2
1
2
6
320
1
2
6
4
33
54
5
1
31
2
83
1
1
9
1
2
1
4
3
5
3
2
1
14
8
1
25
10
1
1
6
6
1
26
5
1
24
29
81
1
2
16
64
22
1
1
95
1
21
21
4
1
1
1
2
7
2
44
1
2
1
4
20
2
10
2
21
5
10
3
412
17
6
714
25
27
4
2
5
8
1
12
27
19
19
17
2
1
3
72
2
2
1
2
11
7
5
1
4
29
1
1
20
7
4
4
1
2149
15
1
3
48
328
73
1
2
36
1
25
36
25
303
352
5
15
9
1
1
121
50
1
6
4
15
4
2
8
14
14
2
22
1
70
183
1
5
5
1
14
90
1
2
3
10
5
1
1
2
6
6
1
5
4
4
1176
229
2
14
5
1
2
12
1
1
1
1
1
20
1
529
1
3
217
3
12
16
1
2
2
31
1795
1
1
1
4
12
7
1
3
4
2
7
9
5
1
2
5
1
29
177
2
7
3
4
152
1
5
10
1
1
1
7
1
5
1
227
1
1
6
35
10
4
5
3
145
139
116
1
24
2
1
1993
4
11
1
83
1
2
1
1
2
17
9
14
1
50
4
281
7
1
1332
1
6
92
3
8
6
1
3
8
34
1
62
9
1
3
3
18
2
220
88
9
1
40
1
1
23
12
10
3
1
8
1
245
37
1
12
6
2
9
23
7
14
2580
3
15
58
1
250
1
32
9
33
5
13
21
1
19
14
8
24
2
1
6
9
2
18
9
30
3
75
82
2
11
1
1
1
1
21
65
1
1
18
5
1
56
3
34
5
14
167
4
1569
1
65
14
363
2
2
2
1
73
6
1
5
288
1
86
37
1
11
11
2
2
1
2
1
25
235
12
2
44
15
1
18
5
1813
5
575
7
2
1
70
1
677
1
1
150
4
112
1
1
5
101
3
1
19
1
1211
1
1
6
1
531
30
12
2
1
1
1
3
1
9
2
1
12
1
7
1
3
3
2
86
4
62
1
1
2
6
3
5
1
4
2
3
12
372
1
1
2
1
3264
29
2
18
28
11
1
8
272
3
16
1
12
11
16
10
1
2
35
5
3
7
3
4
1
70
7
2
10
1
8
124
1
2
10
14
8
268
1
116
23
1
4
4
8961
167
23
1
16
2
4
1
3
2
1
1
5
32
145
49
4
1
1
14
2
2
10
7
1
1
1
1
82
17
19
6
30
15
3
70
1
2
3
2
1
1
1
50
2
73
5
4
1
36
1
1
3
4
1
1
551
2
1
1
3
12
17
22
13
1
1
2
12
8
3
29
1
2
1
8
4
62
32
1
1
246
16
2
137
1
18
44
4
2
11
5
6
4
15
15
10
1
14
25
4414
10
1
1
257
1
9
10
5
2
2
18
28
5
8
1
1
21
17
1
84
82
1
1
2
95
1
3
3
1
8
1
5
1
1
219
15
26
103
7
1
2
29
2
10
1
1
5
1
153
29
12
1
7
2
1
4
35
8
8
1
3
20
2
2
10
1
2
4
279
1
9
14
21
1
6
1
57
1
11
86
1
3
12
1
21
3
2
1
69
1
1
1
33
2
3
17
1
3216
1
228
17
703
69
3
1
196
1
8
8
2
8
8
40
15
38
5
1
6
32
1
11
8
6
208
272
8
1
1
5
133
1
